                        (Ic.AchieveOrderingz = function() {
                        		return [
                        			[
                        				0,
                        				2,
                        				1,
                        				3,
                        				4,
                        				5,
                        				6,
                        				54,
                        				7,
                        				8,
                        				9,
                        				10,
                        				11,
                        				12,
                        				13,
                        				14,
                        				15,
                        				16,
                        				57,
                        				58,
                        				17,
                        				18,
                        				19,
                        				20,
                        				21,
                        				22,
                        				23,
                        				24,
                        				25,
                        				26,
                        				27,
                        				28,
                        				29,
                        				30,
                        				31,
                        				32,
                        				33,
                        				34,
                        				56,
                        				35,
                        				36,
                        				61,
                        				59,
                        				37,
                        				38,
                        				39,
                        				40,
                        				41,
                        				42,
                        				55,
                        				43,
                        				44,
                        				45,
                        				60,
                        				46,
                        				47,
                        				49,
                        				50,
                        				51,
                        				52,
                        				53,
                        				62,
                        				63,
                        				64,
                        				65,
                        				66,
                        				67,
                        				68,
                        				69,
                        				70,
                        			],
                        			[
                        				0,
                        				3,
                        				1,
                        				2,
                        				4,
                        				5,
                        				6,
                        				7,
                        				8,
                        				9,
                        				10,
                        				11,
                        				12,
                        				13,
                        				14,
                        				49,
                        				53,
                        				15,
                        				16,
                        				17,
                        				18,
                        				19,
                        				20,
                        				21,
                        				22,
                        				23,
                        				24,
                        				25,
                        				26,
                        				27,
                        				28,
                        				29,
                        				30,
                        				31,
                        				32,
                        				33,
                        				34,
                        				35,
                        				50,
                        				54,
                        				52,
                        				36,
                        				37,
                        				38,
                        				39,
                        				40,
                        				41,
                        				42,
                        				43,
                        				44,
                        				51,
                        				45,
                        				46,
                        				47,
                        				48,
                        				55,
                        				56,
                        				57,
                        				58,
                        				59,
                        				60,
                        				61,
                        				62,
                        				63,
                        				64,
                        				65,
                        				66,
                        				67,
                        				68,
                        				69,
                        				70,
                        			],
                        			[
                        				0,
                        				4,
                        				1,
                        				5,
                        				3,
                        				2,
                        				6,
                        				7,
                        				8,
                        				9,
                        				10,
                        				11,
                        				12,
                        				13,
                        				14,
                        				45,
                        				15,
                        				16,
                        				17,
                        				18,
                        				19,
                        				20,
                        				21,
                        				22,
                        				23,
                        				24,
                        				25,
                        				26,
                        				27,
                        				46,
                        				28,
                        				29,
                        				30,
                        				31,
                        				43,
                        				32,
                        				33,
                        				34,
                        				35,
                        				36,
                        				37,
                        				38,
                        				39,
                        				40,
                        				48,
                        				41,
                        				47,
                        				44,
                        				42,
                        				48,
                        				49,
                        				50,
                        				51,
                        				52,
                        				53,
                        				54,
                        				55,
                        				56,
                        				57,
                        				58,
                        				59,
                        				60,
                        				61,
                        				62,
                        				63,
                        				64,
                        				65,
                        				66,
                        				67,
                        				68,
                        				69,
                        				70,
                        			],
                        			[
                        				0,
                        				1,
                        				8,
                        				10,
                        				12,
                        				14,
                        				21,
                        				24,
                        				2,
                        				20,
                        				4,
                        				9,
                        				11,
                        				13,
                        				15,
                        				16,
                        				17,
                        				19,
                        				22,
                        				25,
                        				3,
                        				5,
                        				18,
                        				23,
                        				26,
                        				27,
                        				6,
                        				7,
                        				28,
                        				29,
                        				30,
                        				31,
                        				32,
                        				33,
                        				34,
                        				35,
                        				36,
                        				37,
                        				38,
                        				39,
                        				40,
                        				41,
                        				42,
                        				43,
                        				44,
                        				45,
                        				46,
                        				47,
                        				48,
                        				49,
                        				50,
                        				51,
                        				52,
                        				53,
                        				54,
                        				55,
                        				56,
                        				57,
                        				58,
                        				59,
                        				60,
                        				61,
                        				62,
                        				63,
                        				64,
                        				65,
                        				66,
                        				67,
                        				68,
                        				69,
                        				70,
                        			],
                        		];
                        	}