                        (Ic.AlchemyCoords = function() {
                        		return [
                        			[
                        				[122, 262],
                        				[76, 224],
                        				[140, 189],
                        				[79, 142],
                        				[128, 92],
                        				[85, 259],
                        				[139, 222],
                        				[139, 161],
                        				[90, 127],
                        				[115, 77],
                        				[107, 266],
                        				[105, 215],
                        				[142, 169],
                        				[89, 147],
                        				[95, 92],
                        				[65, 256],
                        				[130, 225],
                        				[78, 175],
                        				[135, 145],
                        				[99, 92],
                        			],
                        			[
                        				[310, 255],
                        				[246, 211],
                        				[298, 170],
                        				[315, 110],
                        				[265, 79],
                        				[262, 248],
                        				[313, 235],
                        				[276, 186],
                        				[277, 127],
                        				[313, 81],
                        				[315, 265],
                        				[333, 206],
                        				[274, 179],
                        				[266, 126],
                        				[306, 89],
                        				[311, 261],
                        				[247, 231],
                        				[302, 189],
                        				[265, 134],
                        				[303, 86],
                        			],
                        			[
                        				[495, 261],
                        				[431, 231],
                        				[486, 189],
                        				[449, 134],
                        				[487, 86],
                        				[468, 272],
                        				[515, 236],
                        				[481, 177],
                        				[507, 115],
                        				[458, 88],
                        				[476, 284],
                        				[449, 228],
                        				[506, 193],
                        				[500, 136],
                        				[471, 91],
                        				[490, 274],
                        				[444, 236],
                        				[508, 201],
                        				[447, 154],
                        				[496, 104],
                        			],
                        			[
                        				[617, 244],
                        				[682, 213],
                        				[630, 163],
                        				[687, 133],
                        				[651, 80],
                        				[672, 256],
                        				[616, 217],
                        				[687, 191],
                        				[651, 143],
                        				[645, 83],
                        				[651, 258],
                        				[695, 222],
                        				[632, 174],
                        				[641, 115],
                        				[694, 85],
                        				[678, 255],
                        				[614, 211],
                        				[666, 170],
                        				[683, 110],
                        				[633, 79],
                        			],
                        			[
                        				[24, 146],
                        				[69, 283],
                        				[139, 188],
                        				[195, 75],
                        				[255, 274],
                        				[282, 147],
                        				[385, 187],
                        				[416, 77],
                        				[478, 277],
                        				[499, 145],
                        				[599, 190],
                        				[634, 74],
                        				[676, 284],
                        				[739, 107],
                        				[801, 205],
                        				[859, 92],
                        				[905, 282],
                        				[965, 185],
                        				[1029, 73],
                        				[1027, 285],
                        				[1107, 186],
                        				[1150, 74],
                        				[1205, 284],
                        				[1242, 156],
                        				[1329, 227],
                        				[1370, 83],
                        				[1424, 278],
                        				[1447, 171],
                        				[1552, 90],
                        				[1563, 200],
                        				[1632, 298],
                        				[1672, 74],
                        				[1719, 210],
                        				[1792, 82],
                        				[1824, 287],
                        				[1859, 182],
                        				[1934, 74],
                        				[1977, 198],
                        				[2057, 92],
                        				[2023, 293],
                        				[2121, 188],
                        				[2215, 75],
                        				[2220, 270],
                        				[2262, 164],
                        				[2363, 74],
                        				[2367, 202],
                        				[2474, 149],
                        				[2455, 290],
                        				[2583, 85],
                        				[2602, 233],
                        				[2710, 115],
                        				[2730, 240],
                        				[2760, 163],
                        				[2820, 75],
                        			],
                        		];
                        	}