                        (Ic.BossDetails = function() {
                        		return [
                        			[
                        				[25e3, 8e6, 1e8],
                        				[105, 1750, 8e3],
                        				[4e3, 4e5, 5e7],
                        				[1, 5, 30],
                        				[50, 120, 70, 68, 100, 200, 100],
                        				[650, 1500, 800, 675, 1500, 3e3, 1e3],
                        				[3650, 5500, 3800, 3675, 5500, 8e3, 5e3],
                        				[180, 400, 200, 150, 250, 500, 330],
                        				[180, 400, 200, 150, 250, 500, 330],
                        				[180, 400, 200, 150, 250, 500, 330],
                        			],
                        			[
                        				[1e6, 3e7, 4e8],
                        				[550, 3500, 15e3],
                        				[1e5, 2e6, 1e8],
                        				[1, 5, 40],
                        				[1250, 300, 350, 450, 5e3, 1e4, 400],
                        				[1800, 4e3, 2e3, 1500, 2500, 5e3, 3300],
                        				[18e3, 4e4, 2e4, 15e3, 25e3, 5e4, 33e3],
                        			],
                        			[
                        				[2e7, 25e7, 2e9],
                        				[2250, 7500, 25e3],
                        				[75e4, 1e7, 5e8],
                        				[1, 5, 50],
                        				[3200, 3600, 2500, 2100, 3500],
                        				[6e3, 9e3, 5e3, 4e3, 6e3],
                        				[18e3, 4e4, 2e4, 15e3, 25e3, 5e4, 33e3],
                        			],
                        			[
                        				[2e9, 2e9, 2e9],
                        				[2500, 5, 25],
                        				[75e4, 2e5, 1e6],
                        				[1, 5, 9999],
                        				[1e3, 1500, 800, 450, 5e3, 1e4, 400],
                        				[1800, 4e3, 2e3, 1500, 2500, 5e3, 3300],
                        				[18e3, 4e4, 2e4, 15e3, 25e3, 5e4, 33e3],
                        			],
                        		];
                        	}