                        (Ic.MapDetails = function() {
                        		return [
                        			[
                        				[1, 0],
                        				[0, 100, 100],
                        				[562, 170, 0],
                        			],
                        			[
                        				[20],
                        				[15, 273, 143],
                        				[603, 190, 0]
                        			],
                        			[
                        				[30],
                        				[34, 385, 300],
                        				[519, 211, 0]
                        			],
                        			[
                        				[150, 10],
                        				[34, 300, 300],
                        				[999, 999, 0],
                        			],
                        			[
                        				[150],
                        				[0, 300, 300],
                        				[999, 2999921, 0]
                        			],
                        			[
                        				[150],
                        				[0, 300, 300],
                        				[999, 99999, 0]
                        			],
                        			[
                        				[10],
                        				[11, 267, 300],
                        				[393, 154, 0]
                        			],
                        			[
                        				[25, 81],
                        				[20, 230, 300],
                        				[293, 165, 0],
                        			],
                        			[
                        				[2e4],
                        				[28, 280, 300],
                        				[536, 142, 1]
                        			],
                        			[
                        				[0],
                        				[7, 330, 300],
                        				[487, 130, 1]
                        			],
                        			[
                        				[40],
                        				[18, 225, 300],
                        				[346, 179, 0]
                        			],
                        			[
                        				[50, 60],
                        				[29, 248, 300],
                        				[356, 208, 0],
                        			],
                        			[
                        				[60],
                        				[16, 213, 300],
                        				[254, 223, 0]
                        			],
                        			[
                        				[2500, 5e4],
                        				[25, 275, 300],
                        				[754, 207, 0],
                        			],
                        			[
                        				[80, 1500],
                        				[22, 240, 300],
                        				[637, 220, 0],
                        			],
                        			[
                        				[35e3],
                        				[25, 280, 300],
                        				[511, 139, 1]
                        			],
                        			[
                        				[200, 3e3],
                        				[25, 284, 300],
                        				[707, 236, 0],
                        			],
                        			[
                        				[0],
                        				[15, 300, 300],
                        				[672, 170, 0]
                        			],
                        			[
                        				[5e3],
                        				[25, 375, 300],
                        				[765, 175, 0]
                        			],
                        			[
                        				[250],
                        				[17, 228, 300],
                        				[755, 256, 0]
                        			],
                        			[
                        				[7],
                        				[7, 300, 300],
                        				[9999, 9999, 0]
                        			],
                        			[
                        				[5],
                        				[6, 300, 300],
                        				[9999, 9999, 0]
                        			],
                        			[
                        				[0],
                        				[0, 300, 300],
                        				[9999, 9999, 0]
                        			],
                        			[
                        				[0],
                        				[0, 300, 300],
                        				[9999, 9999, 0]
                        			],
                        			[
                        				[300, 2e3],
                        				[16, 303, 300],
                        				[670, 269, 0],
                        			],
                        			[
                        				[0],
                        				[0, 300, 300],
                        				[9999, 9999, 0]
                        			],
                        			[
                        				[350],
                        				[21, 276, 300],
                        				[631, 297, 0]
                        			],
                        			[
                        				[30, 4200],
                        				[17, 371, 300],
                        				[545, 333, 0],
                        			],
                        			[
                        				[0],
                        				[16, 225, 300],
                        				[530, 379, 0]
                        			],
                        			[
                        				[0],
                        				[0, 300, 300],
                        				[9999, 9999, 0]
                        			],
                        			[
                        				[0],
                        				[1, 999, 999],
                        				[782, 217, 0]
                        			],
                        			[
                        				[0],
                        				[7, 999, 999],
                        				[763, 130, 0]
                        			],
                        			[
                        				[0],
                        				[0, 999, 999],
                        				[318, 231, 0]
                        			],
                        			[
                        				[0],
                        				[0, 999, 999],
                        				[9999, 9999, 0]
                        			],
                        			[
                        				[0],
                        				[0, 999, 999],
                        				[9999, 9999, 0]
                        			],
                        			[
                        				[0],
                        				[0, 999, 999],
                        				[9999, 9999, 0]
                        			],
                        			[
                        				[0],
                        				[0, 999, 999],
                        				[635, 164, 1]
                        			],
                        			[
                        				[0],
                        				[10, 999, 999],
                        				[649, 244, 1]
                        			],
                        			[
                        				[0],
                        				[30, 150, 500],
                        				[9999, 9999, 1]
                        			],
                        			[
                        				[0],
                        				[5, 999, 999],
                        				[488, 195, 1]
                        			],
                        			[
                        				[0],
                        				[1, 999, 999],
                        				[518, 182, 1]
                        			],
                        			[
                        				[0],
                        				[0, 999, 999],
                        				[9999, 9999, 0]
                        			],
                        			[
                        				[0],
                        				[0, 999, 999],
                        				[9999, 9999, 0]
                        			],
                        			[
                        				[0],
                        				[0, 999, 999],
                        				[9999, 9999, 0]
                        			],
                        			[
                        				[0],
                        				[0, 999, 999],
                        				[9999, 9999, 0]
                        			],
                        			[
                        				[0],
                        				[0, 999, 999],
                        				[9999, 9999, 0]
                        			],
                        			[
                        				[0],
                        				[0, 999, 999],
                        				[9999, 9999, 0]
                        			],
                        			[
                        				[0],
                        				[0, 999, 999],
                        				[9999, 9999, 0]
                        			],
                        			[
                        				[0],
                        				[0, 999, 999],
                        				[9999, 9999, 0]
                        			],
                        			[
                        				[0],
                        				[0, 999, 999],
                        				[9999, 9999, 0]
                        			],
                        			[
                        				[1, 0, 0],
                        				[0, 999, 999],
                        				[315, 155, 0],
                        			],
                        			[
                        				[250],
                        				[17, 100, 500],
                        				[398, 200, 0]
                        			],
                        			[
                        				[600, 1e3],
                        				[21, 250, 500],
                        				[429, 263, 0],
                        			],
                        			[
                        				[1e3],
                        				[18, 250, 500],
                        				[505, 277, 0]
                        			],
                        			[
                        				[15],
                        				[2, 250, 500],
                        				[204, 167, 0]
                        			],
                        			[
                        				[30],
                        				[3, 250, 500],
                        				[199, 195, 0]
                        			],
                        			[
                        				[30],
                        				[3, 250, 500],
                        				[9999, 9999, 0]
                        			],
                        			[
                        				[1200],
                        				[15, 250, 500],
                        				[608, 273, 0]
                        			],
                        			[
                        				[1600],
                        				[18, 250, 500],
                        				[552, 233, 0]
                        			],
                        			[
                        				[2e3],
                        				[14, 250, 500],
                        				[510, 192, 0]
                        			],
                        			[
                        				[2500, 0],
                        				[17, 250, 500],
                        				[490, 125, 0],
                        			],
                        			[
                        				[30],
                        				[3, 250, 500],
                        				[225, 211, 0]
                        			],
                        			[
                        				[3e3],
                        				[17, 250, 500],
                        				[566, 130, 0]
                        			],
                        			[
                        				[4e3],
                        				[15, 250, 500],
                        				[661, 129, 0]
                        			],
                        			[
                        				[5e3],
                        				[27, 250, 500],
                        				[740, 181, 0]
                        			],
                        			[
                        				[1],
                        				[13, 250, 500],
                        				[732, 259, 0]
                        			],
                        			[
                        				[0],
                        				[0, 250, 500],
                        				[802, 221, 0]
                        			],
                        			[
                        				[0],
                        				[2, 250, 500],
                        				[479, 327, 0]
                        			],
                        			[
                        				[0],
                        				[0, 999, 999],
                        				[100, 327, 1]
                        			],
                        			[
                        				[0],
                        				[1, 999, 999],
                        				[9999, 9999, 1]
                        			],
                        			[
                        				[0],
                        				[1, 999, 999],
                        				[499, 334, 1]
                        			],
                        			[
                        				[0],
                        				[1, 999, 999],
                        				[9999, 9999, 1]
                        			],
                        			[
                        				[0],
                        				[0, 999, 999],
                        				[9999, 9999, 1]
                        			],
                        			[
                        				[0],
                        				[0, 999, 999],
                        				[9999, 9999, 1]
                        			],
                        			[
                        				[0],
                        				[0, 999, 999],
                        				[9999, 9999, 1]
                        			],
                        			[
                        				[0],
                        				[0, 999, 999],
                        				[9999, 9999, 1]
                        			],
                        			[
                        				[0],
                        				[0, 999, 999],
                        				[9999, 9999, 1]
                        			],
                        			[
                        				[0],
                        				[0, 999, 999],
                        				[9999, 9999, 1]
                        			],
                        			[
                        				[0],
                        				[0, 999, 999],
                        				[9999, 9999, 1]
                        			],
                        			[
                        				[0],
                        				[0, 999, 999],
                        				[9999, 9999, 1]
                        			],
                        			[
                        				[0],
                        				[0, 999, 999],
                        				[9999, 9999, 1]
                        			],
                        			[
                        				[0],
                        				[0, 999, 999],
                        				[9999, 9999, 1]
                        			],
                        			[
                        				[0],
                        				[0, 999, 999],
                        				[9999, 9999, 1]
                        			],
                        			[
                        				[0],
                        				[0, 999, 999],
                        				[9999, 9999, 1]
                        			],
                        			[
                        				[0],
                        				[0, 999, 999],
                        				[9999, 9999, 1]
                        			],
                        			[
                        				[0],
                        				[0, 999, 999],
                        				[9999, 9999, 1]
                        			],
                        			[
                        				[0],
                        				[0, 999, 999],
                        				[9999, 9999, 1]
                        			],
                        			[
                        				[0],
                        				[0, 999, 999],
                        				[9999, 9999, 1]
                        			],
                        			[
                        				[0],
                        				[0, 999, 999],
                        				[9999, 9999, 1]
                        			],
                        			[
                        				[0],
                        				[0, 999, 999],
                        				[9999, 9999, 1]
                        			],
                        			[
                        				[0],
                        				[0, 999, 999],
                        				[9999, 9999, 1]
                        			],
                        			[
                        				[0],
                        				[0, 999, 999],
                        				[9999, 9999, 1]
                        			],
                        			[
                        				[0],
                        				[0, 999, 999],
                        				[9999, 9999, 1]
                        			],
                        			[
                        				[0],
                        				[0, 999, 999],
                        				[9999, 9999, 1]
                        			],
                        			[
                        				[0],
                        				[0, 999, 999],
                        				[9999, 9999, 1]
                        			],
                        			[
                        				[0],
                        				[0, 999, 999],
                        				[9999, 9999, 1]
                        			],
                        			[
                        				[0],
                        				[0, 999, 999],
                        				[9999, 9999, 1]
                        			],
                        			[
                        				[0],
                        				[0, 999, 999],
                        				[9999, 9999, 1]
                        			],
                        			[
                        				[0],
                        				[0, 999, 999],
                        				[9999, 9999, 1]
                        			],
                        			[
                        				[0],
                        				[0, 999, 999],
                        				[9999, 9999, 1]
                        			],
                        			[
                        				[1, 0],
                        				[0, 300, 600],
                        				[263, 330, 0],
                        			],
                        			[
                        				[1e3],
                        				[16, 300, 600],
                        				[283, 275, 0]
                        			],
                        			[
                        				[4e3],
                        				[0, 300, 600],
                        				[199, 265, 0]
                        			],
                        			[
                        				[2e3],
                        				[14, 300, 600],
                        				[294, 227, 0]
                        			],
                        			[
                        				[3e3, 1e5],
                        				[21, 300, 600],
                        				[363, 191, 0],
                        			],
                        			[
                        				[4e3],
                        				[19, 300, 600],
                        				[426, 224, 0]
                        			],
                        			[
                        				[6e3],
                        				[21, 300, 600],
                        				[484, 239, 0]
                        			],
                        			[
                        				[8e3],
                        				[19, 300, 600],
                        				[567, 259, 0]
                        			],
                        			[
                        				[11e3],
                        				[13, 300, 600],
                        				[691, 283, 0]
                        			],
                        			[
                        				[15e3],
                        				[18, 300, 600],
                        				[684, 245, 0]
                        			],
                        			[
                        				[18e3],
                        				[20, 300, 600],
                        				[698, 214, 0]
                        			],
                        			[
                        				[22e3],
                        				[20, 300, 600],
                        				[661, 167, 0]
                        			],
                        			[
                        				[35e3],
                        				[18, 300, 600],
                        				[611, 136, 0]
                        			],
                        			[
                        				[12e4],
                        				[22, 300, 600],
                        				[670, 121, 0]
                        			],
                        			[
                        				[1e3],
                        				[0, 300, 600],
                        				[749, 126, 0]
                        			],
                        			[
                        				[1e3],
                        				[0, 300, 600],
                        				[9999, 9999, 0]
                        			],
                        			[
                        				[25e4],
                        				[20, 300, 600],
                        				[353, 135, 0]
                        			],
                        			[
                        				[0],
                        				[17, 300, 600],
                        				[287, 114, 0]
                        			],
                        			[
                        				[0],
                        				[5, 300, 600],
                        				[294, 348, 0]
                        			],
                        			[
                        				[0],
                        				[3, 300, 600],
                        				[9999, 9999, 1]
                        			],
                        			[
                        				[0],
                        				[0, 999, 999],
                        				[9999, 9999, 1]
                        			],
                        			[
                        				[0],
                        				[0, 999, 999],
                        				[9999, 9999, 1]
                        			],
                        			[
                        				[0],
                        				[0, 999, 999],
                        				[9999, 9999, 1]
                        			],
                        			[
                        				[0],
                        				[0, 999, 999],
                        				[9999, 9999, 1]
                        			],
                        			[
                        				[0],
                        				[0, 999, 999],
                        				[9999, 9999, 1]
                        			],
                        			[
                        				[0],
                        				[0, 999, 999],
                        				[9999, 9999, 1]
                        			],
                        			[
                        				[0],
                        				[0, 999, 999],
                        				[9999, 9999, 1]
                        			],
                        			[
                        				[0],
                        				[0, 999, 999],
                        				[9999, 9999, 1]
                        			],
                        			[
                        				[0],
                        				[0, 999, 999],
                        				[9999, 9999, 1]
                        			],
                        			[
                        				[0],
                        				[0, 999, 999],
                        				[9999, 9999, 1]
                        			],
                        			[
                        				[0],
                        				[0, 999, 999],
                        				[9999, 9999, 1]
                        			],
                        			[
                        				[0],
                        				[0, 999, 999],
                        				[9999, 9999, 1]
                        			],
                        			[
                        				[0],
                        				[0, 999, 999],
                        				[9999, 9999, 1]
                        			],
                        			[
                        				[0],
                        				[0, 999, 999],
                        				[9999, 9999, 1]
                        			],
                        			[
                        				[0],
                        				[0, 999, 999],
                        				[9999, 9999, 1]
                        			],
                        			[
                        				[0],
                        				[0, 999, 999],
                        				[9999, 9999, 1]
                        			],
                        			[
                        				[0],
                        				[0, 999, 999],
                        				[9999, 9999, 1]
                        			],
                        			[
                        				[0],
                        				[0, 999, 999],
                        				[9999, 9999, 1]
                        			],
                        			[
                        				[0],
                        				[0, 999, 999],
                        				[9999, 9999, 1]
                        			],
                        			[
                        				[0],
                        				[0, 999, 999],
                        				[9999, 9999, 1]
                        			],
                        			[
                        				[0],
                        				[0, 999, 999],
                        				[9999, 9999, 1]
                        			],
                        			[
                        				[0],
                        				[0, 999, 999],
                        				[9999, 9999, 1]
                        			],
                        			[
                        				[0],
                        				[0, 999, 999],
                        				[9999, 9999, 1]
                        			],
                        			[
                        				[0],
                        				[0, 999, 999],
                        				[9999, 9999, 1]
                        			],
                        			[
                        				[0],
                        				[0, 999, 999],
                        				[9999, 9999, 1]
                        			],
                        			[
                        				[0],
                        				[0, 999, 999],
                        				[9999, 9999, 1]
                        			],
                        			[
                        				[0],
                        				[0, 999, 999],
                        				[9999, 9999, 1]
                        			],
                        			[
                        				[0],
                        				[0, 999, 999],
                        				[9999, 9999, 1]
                        			],
                        			[
                        				[0],
                        				[0, 999, 999],
                        				[9999, 9999, 1]
                        			],
                        			[
                        				[0],
                        				[0, 999, 999],
                        				[9999, 9999, 1]
                        			],
                        			[
                        				[1, 0],
                        				[0, 300, 600],
                        				[760, 312, 0],
                        			],
                        			[
                        				[2e4],
                        				[13, 300, 600],
                        				[717, 243, 0]
                        			],
                        			[
                        				[3e4],
                        				[20, 300, 600],
                        				[651, 292, 0]
                        			],
                        			[
                        				[5e4],
                        				[17, 300, 600],
                        				[587, 344, 0]
                        			],
                        			[
                        				[7e4],
                        				[16, 300, 600],
                        				[514, 272, 0]
                        			],
                        			[
                        				[1e5],
                        				[26, 300, 600],
                        				[394, 298, 0]
                        			],
                        			[
                        				[15e4],
                        				[22, 300, 600],
                        				[287, 321, 0]
                        			],
                        			[
                        				[25e4],
                        				[20, 300, 600],
                        				[281, 234, 0]
                        			],
                        			[
                        				[5e5],
                        				[18, 300, 600],
                        				[216, 158, 0]
                        			],
                        			[
                        				[7e5],
                        				[16, 300, 600],
                        				[314, 151, 0]
                        			],
                        			[
                        				[1e6],
                        				[22, 300, 600],
                        				[446, 149, 0]
                        			],
                        			[
                        				[2e6],
                        				[19, 300, 600],
                        				[545, 142, 0]
                        			],
                        			[
                        				[3e6],
                        				[26, 300, 600],
                        				[582, 70, 0]
                        			],
                        			[
                        				[4e6],
                        				[14, 300, 600],
                        				[686, 107, 0]
                        			],
                        			[
                        				[250],
                        				[0, 300, 600],
                        				[9999, 9999, 0]
                        			],
                        			[
                        				[700],
                        				[0, 300, 600],
                        				[648, 173, 0]
                        			],
                        			[
                        				[0],
                        				[0, 999, 999],
                        				[9999, 9999, 1]
                        			],
                        			[
                        				[0],
                        				[0, 999, 999],
                        				[9999, 9999, 1]
                        			],
                        			[
                        				[0],
                        				[0, 999, 999],
                        				[9999, 9999, 1]
                        			],
                        			[
                        				[0],
                        				[0, 999, 999],
                        				[9999, 9999, 1]
                        			],
                        			[
                        				[0],
                        				[0, 999, 999],
                        				[9999, 9999, 1]
                        			],
                        			[
                        				[0],
                        				[0, 999, 999],
                        				[9999, 9999, 1]
                        			],
                        			[
                        				[0],
                        				[0, 999, 999],
                        				[9999, 9999, 1]
                        			],
                        			[
                        				[0],
                        				[0, 999, 999],
                        				[9999, 9999, 1]
                        			],
                        			[
                        				[0],
                        				[0, 999, 999],
                        				[9999, 9999, 1]
                        			],
                        			[
                        				[0],
                        				[0, 999, 999],
                        				[9999, 9999, 1]
                        			],
                        			[
                        				[0],
                        				[0, 999, 999],
                        				[9999, 9999, 1]
                        			],
                        			[
                        				[0],
                        				[0, 999, 999],
                        				[9999, 9999, 1]
                        			],
                        			[
                        				[0],
                        				[0, 999, 999],
                        				[9999, 9999, 1]
                        			],
                        			[
                        				[0],
                        				[0, 999, 999],
                        				[9999, 9999, 1]
                        			],
                        			[
                        				[0],
                        				[0, 999, 999],
                        				[9999, 9999, 1]
                        			],
                        			[
                        				[0],
                        				[0, 999, 999],
                        				[9999, 9999, 1]
                        			],
                        			[
                        				[0],
                        				[0, 999, 999],
                        				[9999, 9999, 1]
                        			],
                        			[
                        				[0],
                        				[0, 999, 999],
                        				[9999, 9999, 1]
                        			],
                        			[
                        				[0],
                        				[0, 999, 999],
                        				[9999, 9999, 1]
                        			],
                        			[
                        				[0],
                        				[0, 999, 999],
                        				[9999, 9999, 1]
                        			],
                        			[
                        				[0],
                        				[0, 999, 999],
                        				[9999, 9999, 1]
                        			],
                        			[
                        				[0],
                        				[0, 999, 999],
                        				[9999, 9999, 1]
                        			],
                        			[
                        				[0],
                        				[0, 999, 999],
                        				[9999, 9999, 1]
                        			],
                        			[
                        				[0],
                        				[0, 999, 999],
                        				[9999, 9999, 1]
                        			],
                        			[
                        				[0],
                        				[0, 999, 999],
                        				[9999, 9999, 1]
                        			],
                        			[
                        				[0],
                        				[0, 999, 999],
                        				[9999, 9999, 1]
                        			],
                        			[
                        				[0],
                        				[0, 999, 999],
                        				[9999, 9999, 1]
                        			],
                        			[
                        				[0],
                        				[0, 999, 999],
                        				[9999, 9999, 1]
                        			],
                        			[
                        				[0],
                        				[0, 999, 999],
                        				[9999, 9999, 1]
                        			],
                        			[
                        				[0],
                        				[0, 999, 999],
                        				[9999, 9999, 1]
                        			],
                        			[
                        				[0],
                        				[0, 999, 999],
                        				[9999, 9999, 1]
                        			],
                        			[
                        				[0],
                        				[0, 999, 999],
                        				[9999, 9999, 1]
                        			],
                        			[
                        				[0],
                        				[0, 999, 999],
                        				[9999, 9999, 1]
                        			],
                        			[
                        				[0],
                        				[0, 999, 999],
                        				[9999, 9999, 1]
                        			],
                        			[
                        				[1, 0],
                        				[0, 300, 600],
                        				[263, 330, 0],
                        			],
                        		];
                        	}