                        (Ic.ObolXYcoords = function() {
                        		return [
                        			[
                        				[264, 134, 1, 32],
                        				[330, 154, 0, 0],
                        				[398, 134, 2, 105],
                        				[466, 154, 0, 40],
                        				[532, 134, 1, 60],
                        				[286, 196, 0, 25],
                        				[346, 212, 0, 130],
                        				[450, 212, 0, 152],
                        				[512, 196, 0, 48],
                        				[274, 260, 1, 190],
                        				[398, 260, 3, 250],
                        				[522, 260, 1, 140],
                        				[346, 308, 0, 210],
                        				[450, 308, 0, 170],
                        				[286, 324, 0, 112],
                        				[330, 366, 0, 98],
                        				[466, 366, 0, 70],
                        				[512, 324, 0, 80],
                        				[264, 386, 1, 120],
                        				[398, 386, 2, 180],
                        				[532, 386, 1, 90],
                        			],
                        			[
                        				[262, 132, 0, 60],
                        				[332, 128, 0, 250],
                        				[398, 134, 1, 200],
                        				[464, 128, 0, 350],
                        				[534, 132, 0, 100],
                        				[260, 200, 0, 1250],
                        				[324, 192, 2, 400],
                        				[398, 204, 3, 650],
                        				[472, 192, 2, 900],
                        				[536, 200, 0, 1500],
                        				[284, 262, 1, 1150],
                        				[356, 262, 3, 1200],
                        				[440, 262, 3, 2500],
                        				[512, 262, 1, 2e3],
                        				[260, 324, 0, 2100],
                        				[324, 330, 2, 3e3],
                        				[398, 322, 3, 5e3],
                        				[472, 330, 2, 1750],
                        				[536, 324, 0, 400],
                        				[262, 388, 0, 160],
                        				[332, 394, 0, 875],
                        				[398, 392, 1, 700],
                        				[464, 394, 0, 470],
                        				[534, 388, 0, 80],
                        			],
                        			[
                        				[314, 167, -1, 0],
                        				[445, 167, -1, 0],
                        				[519, 167, -1, 0],
                        			],
                        			[
                        				[960, 540, 4, 0]
                        			],
                        		];
                        	}