                        (Ic.OptionsTogglesData = function() {
                        		return [
                        			[9, -1, 1],
                        			[20, 0, 1],
                        			[21, 0, 1],
                        			[22, 0, 1],
                        			[23, 0, 1],
                        			[24, 0, 1],
                        			[25, 0, 1],
                        			[26, 1, 0],
                        			[0, 0, 1],
                        			[27, 0, 1],
                        			[28, 0, 1],
                        			[33, 0, 1],
                        		];
                        	}