                        (Ic.StartupImgInst = function() {
                        		return [
                        			[406, 120, 0, 0, 0, 1, 10, 0],
                        			[427, 308, 0, 0, 0, 1, 20, 0],
                        			[4, 246, -200, 0, 1, 0, 0, 9],
                        			[755, 257, -200, 0, 1, 0, 0, 9],
                        			[97, 358, -220, 0, 1, 0, 0, 12],
                        			[682, 360, -220, 0, 1, 0, 0, 12],
                        			[-59, 367, -250, 0, 1, 0, 0, 10],
                        			[823, 375, -250, 0, 1, 0, 0, 10],
                        			[237, 389, -280, 0, 1, 0, 0, 16],
                        			[568, 390, -280, 0, 1, 0, 0, 16],
                        			[384, 410, -260, 0, 1, 0, 10, 40],
                        			[111, 47, 0, 0, 0, 1, 40, 0],
                        			[137, 66, 0, 0, 0, 1, 65, 0],
                        		];
                        	}