                        (Ic.WorshipNODESnETC = function() {
                        		return [
                        			[
                        				[4, 3, 5],
                        				[0, 0, 1],
                        			],
                        			[
                        				[5, 4, 3, 11],
                        				[0, 0, 0, 1],
                        			],
                        			[
                        				[1, 3, 5, 6],
                        				[0, 1, 0, 1],
                        			],
                        			[
                        				[1, 2, 3, 4],
                        				[0, 0, 1, 1],
                        			],
                        			[
                        				[10, 9, 7, 4, 6, 5, 3, 8, 2, 0],
                        				[0, 1, 0, 0, 1, 0, 1, 1, 0, 1],
                        			],
                        		];
                        	}