                        (Ic.WorshipInfo = function() {
                        		return [
                        			[
                        				[2, 0, 2, 0],
                        				[5, 0, 2, 0],
                        				[10, 0, 1, 0],
                        				[2, 0, 2, 1],
                        				[1, 0, 3, 0],
                        				[2, 1, 2, 0],
                        				[18, 0, 1, 0],
                        				[3, 1, 2, 0],
                        				[9, 0, 2, 1],
                        				[2, 1, 3, 0],
                        				[25, 0, 1, 0],
                        				[13, 1, 1, 0],
                        				[8, 1, 2, 3],
                        				[4, 1, 3, 0],
                        				[11, 1, 2, 0],
                        				[2, 2, 2, 0],
                        				[30, 1, 1, 0],
                        				[20, 1, 2, 1],
                        				[32, 1, 1, 1],
                        				[2, 2, 3, 1],
                        				[5, 2, 2, 0],
                        				[20, 1, 1, 3],
                        				[10, 1, 2, 1],
                        				[3, 2, 3, 3],
                        				[10, 2, 2, 1],
                        				[14, 2, 2, 0],
                        				[30, 1, 2, 3],
                        				[40, 2, 1, 1],
                        				[4, 2, 3, 0],
                        				[1, 2, 4, 3],
                        			],
                        			[
                        				[2, 0, 2, 0],
                        				[5, 0, 2, 0],
                        				[8, 0, 1, 0],
                        				[2, 0, 2, 1],
                        				[1, 0, 3, 0],
                        				[2, 1, 2, 0],
                        				[14, 0, 1, 1],
                        				[3, 1, 2, 0],
                        				[18, 0, 1, 1],
                        				[2, 1, 3, 2],
                        				[25, 0, 1, 0],
                        				[13, 1, 1, 0],
                        				[7, 1, 2, 3],
                        				[3, 1, 3, 0],
                        				[10, 1, 2, 0],
                        				[1, 2, 2, 0],
                        				[30, 1, 1, 0],
                        				[20, 1, 2, 0],
                        				[25, 1, 1, 1],
                        				[5, 2, 3, 1],
                        				[5, 2, 2, 2],
                        				[20, 1, 1, 3],
                        				[10, 1, 2, 0],
                        				[3, 2, 3, 3],
                        				[10, 2, 2, 2],
                        				[14, 2, 2, 0],
                        				[30, 1, 2, 2],
                        				[35, 2, 1, 1],
                        				[3, 2, 3, 0],
                        				[1, 3, 4, 2],
                        			],
                        			[
                        				[4, 0, 2, 0],
                        				[6, 0, 2, 0],
                        				[10, 0, 1, 0],
                        				[2, 0, 2, 1],
                        				[7, 0, 2, 4],
                        				[2, 1, 2, 0],
                        				[18, 0, 1, 0],
                        				[3, 1, 2, 0],
                        				[8, 0, 2, 1],
                        				[2, 1, 3, 2],
                        				[25, 0, 1, 0],
                        				[13, 1, 1, 0],
                        				[7, 1, 2, 3],
                        				[3, 1, 3, 0],
                        				[10, 1, 2, 0],
                        				[1, 2, 2, 0],
                        				[30, 1, 1, 0],
                        				[20, 1, 2, 0],
                        				[25, 1, 1, 1],
                        				[1, 2, 4, 1],
                        				[5, 2, 2, 0],
                        				[20, 1, 1, 3],
                        				[10, 1, 2, 4],
                        				[3, 2, 3, 3],
                        				[10, 2, 2, 1],
                        				[14, 2, 2, 0],
                        				[30, 1, 2, 2],
                        				[35, 2, 1, 1],
                        				[3, 2, 3, 0],
                        				[1, 3, 4, 3],
                        			],
                        			[
                        				[3, 0, 2, 0],
                        				[8, 0, 1, 0],
                        				[5, 0, 2, 0],
                        				[10, 0, 1, 0],
                        				[3, 0, 3, 5],
                        				[2, 1, 2, 0],
                        				[16, 0, 1, 4],
                        				[2, 1, 2, 5],
                        				[8, 0, 2, 0],
                        				[12, 1, 1, 5],
                        				[25, 0, 1, 0],
                        				[13, 1, 1, 4],
                        				[7, 1, 2, 0],
                        				[3, 1, 3, 3],
                        				[10, 1, 2, 0],
                        				[1, 2, 2, 5],
                        				[40, 0, 1, 4],
                        				[6, 1, 3, 5],
                        				[25, 1, 1, 4],
                        				[1, 2, 4, 3],
                        				[5, 2, 2, 0],
                        				[20, 1, 1, 0],
                        				[10, 1, 2, 4],
                        				[3, 2, 3, 4],
                        				[27, 1, 1, 0],
                        				[12, 2, 2, 0],
                        				[35, 1, 2, 0],
                        				[20, 2, 2, 0],
                        				[70, 1, 1, 4],
                        				[1, 3, 4, 5],
                        			],
                        			[
                        				[3, 0, 2, 0],
                        				[8, 0, 1, 0],
                        				[5, 0, 2, 0],
                        				[10, 0, 1, 0],
                        				[3, 0, 3, 5],
                        				[2, 1, 2, 0],
                        				[16, 0, 1, 4],
                        				[2, 1, 2, 5],
                        				[8, 0, 2, 0],
                        				[12, 1, 1, 5],
                        				[25, 0, 1, 0],
                        				[13, 1, 1, 4],
                        				[7, 1, 2, 0],
                        				[3, 1, 3, 3],
                        				[10, 1, 2, 0],
                        				[1, 2, 2, 5],
                        				[40, 0, 1, 4],
                        				[6, 1, 3, 5],
                        				[25, 1, 1, 4],
                        				[1, 2, 4, 3],
                        				[5, 2, 2, 0],
                        				[20, 1, 1, 0],
                        				[10, 1, 2, 4],
                        				[3, 2, 3, 4],
                        				[27, 1, 1, 0],
                        				[12, 2, 2, 0],
                        				[35, 1, 2, 0],
                        				[20, 2, 2, 0],
                        				[70, 1, 1, 4],
                        				[1, 3, 4, 5],
                        			],
                        		];
                        	}